ExtCoef_OD_M_cm_1;ExtCoef_OD_M_cm_2;ExtCoef_OD_M_cm_3;ExtCoef_OD_M_cm_4
650;386.800036185;3734.15080294;3561.2362
651;379.20422572;3702.96845923;3546.7362
652;372.103510963;3671.78611553;3535.7162
653;365.806240994;3640.47348348;3525.3125
654;360.008409678;3611.67975941;3508.6737
655;354.410353824;3583.19004149;3490.005
656;349.411624352;3554.61346467;3469.415
657;345.012221264;3525.9934584;3442.6263
658;340.912481367;3497.33002268;3415.91
659;337.516298529;3468.62315751;3379.9137
660;334.515323668;3439.91629234;3336.6312
661;331.714124268;3405.34645169;3297.5538
662;329.316818736;3370.86346993;3244.0125
663;327.518839586;3336.25019983;3185.4688
664;325.916292953;3298.16257388;3120.1462
665;324.417976995;3257.38232216;3045.1087
666;323.319211959;3216.60207043;2969.455
667;322.619997845;3175.38752422;2884.775
668;321.916440786;3131.91464672;2803.9375
669;321.516889864;3088.31148087;2713.3487
670;321.217226673;3044.70831502;2623.5213
671;321.117338942;2998.54281173;2537.2825
672;321.117338942;2951.1612839;2454.705
673;321.317114403;2903.77975607;2356.7575
674;321.317114403;2856.18108099;2279.6175
675;321.017451212;2807.97439365;2201.245
676;320.71778802;2759.89799465;2116.3112
677;320.518012559;2711.6913073;2034.2412
678;320.418124828;2664.52692671;1965.6925
679;320.018573906;2617.62312281;1891.235
680;319.319359793;2570.63246001;1810.905
681;318.520257948;2524.16295059;1739.3837
682;318.020819296;2478.1711651;1681.4925
683;317.217374507;2432.2662385;1619.94
684;316.218497201;2386.40474135;1558.6413
685;315.619170818;2343.01872274;1502.5625
686;315.019844435;2299.80642192;1448.695
687;313.921079399;2256.63755055;1394.6462
688;313.421640746;2215.64015158;1351.1825
689;312.522651172;2176.64050723;1304.4925
690;312.218645035;2137.64086287;1263.4213
691;312.118757305;2099.16237189;1227.0987
692;312.118757305;2065.07025517;1188.8913
693;312.218645035;2030.97813844;1150.9375
694;312.422763441;1996.88602172;1115.775
695;312.922202094;1966.00768415;1084.3462
696;313.921079399;1936.51908891;1054.9113
697;314.720181243;1907.11735258;1025.2225
698;316.318384932;1878.62763465;1003.3275
699;318.020819296;1852.52653637;983.3538
700;319.818798445;1826.55572643;964.0688
701;321.816553056;1800.54148704;945.2912
702;324.218201534;1777.26330289;933.655
703;326.815282527;1754.33255431;919.6625
704;329.516594197;1731.44523518;909.8025
705;332.213562921;1709.46993447;903.9663
706;335.114650051;1688.27636381;897.0425
707;338.515175834;1667.08279316;887.5812
708;341.711583211;1645.97608141;886.5662
709;344.912333533;1626.30254143;887.9075
710;348.412747047;1606.58557202;888.4875
711;352.308368538;1586.91203205;890.9162
712;356.308220704;1567.28192152;896.2087
713;360.108297409;1547.69524045;902.8424
714;363.808486383;1528.10855938;909.4037
715;367.90822628;1508.91274333;922.9251
716;372.303286424;1490.32493956;932.64
717;376.40302632;1471.7371358;943.5513
718;380.602653948;1453.14933203;957.8338
719;385.301720227;1436.12498839;970.9925
720;389.801011046;1419.31779199;984.9124
721;394.200414135;1402.55402504;999.4125
722;398.699704953;1387.13657098;1013.8763
723;403.398771233;1372.93514146;1028.7025
724;408.197725244;1358.86400029;1045.0513
725;413.196454715;1345.27058305;1065.1337
726;417.995408726;1334.84751552;1082.6425
727;422.894250467;1324.55473633;1100.0787
728;427.992867669;1314.26195714;1114.8687
729;433.091484871;1307.74753993;1131.1812
730;438.159701459;1302.57943561;1147.5662
731;443.371235226;1297.28104295;1165.1113
732;448.669627889;1294.28441103;1181.6413
733;453.881161656;1294.67527606;1197.9538
734;459.179554319;1294.9792822;1214.1574
735;464.477946982;1295.58729447;1231.63
736;469.863198542;1302.44914726;1246.275
737;475.248450101;1309.26757061;1262.7325
738;480.937707796;1316.08599396;1285.86
739;486.366388804;1327.37765045;1307.6463
740;491.838499259;1340.75392045;1323.3062
741;497.440898058;1354.1736199;1339.1475
742;503.043296858;1369.33049727;1355.9674
743;508.732554554;1388.35259552;1378.8413
744;514.552100593;1407.46155267;1394.3562
745;520.154499393;1426.44022147;1411.6837
746;525.756898192;1449.71840563;1430.9688
747;531.576444232;1473.21373703;1453.0812
748;537.482849168;1496.70906843;1468.2337
749;543.476113;1520.8124121;1484.0025
750;549.339088488;1545.3934797;1501.0037
751;555.245493424;1569.88768841;1519.5638
752;561.15189836;1593.38301981;1534.1725
753;567.058303296;1613.79486039;1552.8775
754;572.964708232;1634.16327153;1571.1113
755;578.957972064;1654.48825322;1588.185
756;585.472389272;1664.17302014;1605.585
757;591.031358624;1672.85890975;1622.3687
758;597.241769696;1681.58822881;1638.79
759;602.931027392;1681.15393433;1654.5225
760;609.445444601;1674.0749343;1671.5237
761;615.525567329;1666.99593427;1689.54
762;621.735978401;1656.1820017;1703.7862
763;628.120107266;1633.90269485;1720.9687
764;634.330518338;1611.71024689;1735.3963
765;640.54092941;1589.38751059;1752.0349
766;646.751340482;1557.81430185;1767.4412
767;653.352616587;1525.50279249;1786.1462
768;659.432739315;1493.10442424;1798.5437
769;665.643150388;1458.62144248;1814.0225
770;671.810132012;1422.53157115;1828.16
771;678.324549221;1386.52855871;1841.065
772;684.708678085;1350.95984075;1855.0212
773;690.919089158;1316.56371788;1868.8325
774;697.216359126;1282.16759502;1880.4687
775;703.600487991;1247.77147216;1893.7725
776;709.941187407;1217.19714073;1908.635
777;716.412175168;1186.70966819;1922.7362
778;722.709445136;1156.30905455;1934.9162
779;729.527868481;1129.5130851;1947.785
780;735.82513845;1104.71487026;1961.0163
781;741.992120074;1080.04694376;1974.7187
782;748.289390043;1056.81218905;1987.5513
783;754.716948355;1036.92150184;2002.4137
784;761.10107722;1017.03081463;2015.065
785;767.919500565;997.22698631;2027.4262
786;774.086482189;981.9398206;2040.7663
787;780.600899398;966.56579598;2054.505
788;787.202175503;951.27863027;2068.135
789;793.890310504;938.24979585;2079.0462
790;800.317868816;926.17640929;2092.3863
791;806.788856577;914.05959328;2104.7837
792;813.172985441;903.15880182;2118.2325
793;819.47025541;893.69118214;2130.485
794;826.201819859;884.18013302;2141.8675
795;832.803095964;874.97309003;2153.3588
796;838.970077588;867.37293662;2164.0888
797;845.571353693;859.77278321;2175.725
798;852.172629798;852.1726298;2184.57
799;858.60018811;845.87535983;2195.3362
800;865.071175871;839.66494876;2205.2325
801;871.368445839;833.58482603;2217.63
802;877.796004152;828.28643337;2225.17
803;884.266991913;823.50919408;2233.7612
804;890.694550225;818.77538424;2241.0475
805;897.07867909;814.38900999;2251.8137
806;903.549666851;810.91465414;2259.39
807;909.977225163;807.31000995;2268.1262
808;916.187636235;803.79222466;2273.165
809;922.484906204;801.18645778;2281.8287
810;928.869035068;798.493832;2288.1363
811;935.166305037;795.88806511;2294.4075
812;941.376716109;793.8903105;2298.3225
813;947.543697733;791.97941479;2304.7387
814;953.66724991;790.19880742;2308.5088
815;960.051378774;788.59191784;2314.6712
816;966.348648743;787.2021755;2318.8038
817;972.559059815;785.89929206;2323.4437
818;978.639182543;784.68326752;2327.975
819;984.545587479;783.98839635;2332.325
820;990.842857447;783.20666628;2335.5875
821;997.05326852;782.51179511;2339.3937
822;1002.959673456;781.99064174;2340.1912
823;1008.822648944;781.51291781;2341.895
824;1015.033060016;780.99176443;2343.8162
825;1020.852606056;780.68775829;2344.8312
826;1027.01958768;780.6008994;2346.0638
827;1033.05628096;780.38375216;2347.0062
828;1039.049544792;780.29689326;2347.5137
829;1044.651943592;780.21003437;2348.2388
830;1050.428060183;780.21003437;2346.4625
831;1056.117317879;780.21003437;2346.4262
832;1061.850005023;780.21003437;2343.78
833;1067.71298051;780.21003437;2344.9037
834;1073.619385446;780.29689326;2343.055
835;1079.438931486;780.29689326;2341.2425
836;1084.824183045;780.38375216;2340.0462
837;1090.426581845;780.5140405;2339.9737
838;1095.942121748;780.68775829;2335.3337
839;1101.5010911;780.99176443;2329.715
840;1106.929772107;781.29577057;2326.9238
841;1112.532170907;781.51291781;2323.1175
842;1117.917422466;781.81692394;2318.84
843;1122.998667889;782.12093008;2316.9912
844;1128.297060552;782.51179511;2312.895
845;1133.595453215;783.11980739;2310.3575
846;1138.806986982;783.68439021;2304.0863
847;1143.888232405;784.29240248;2298.25
848;1149.099766172;784.81355586;2293.2113
849;1154.398158835;785.42156813;2289.3687
850;1159.305686465;785.89929206;2280.8863
851;1164.213214096;786.89816937;2276.0288
852;1169.120741726;787.81018778;2265.6613
853;1173.897981013;788.80906508;2258.81
854;1178.718649747;789.89480128;2252.9375
855;1183.886754066;790.98053748;2249.2037
856;1188.186269424;792.10970313;2241.0112
857;1193.093797054;793.28229823;2234.2325
858;1197.697318549;794.71547002;2226.9825
859;1202.300840043;796.10521235;2222.2338
860;1206.774073193;797.49495469;2214.5487
861;1211.073588551;799.10184427;2204.0725
862;1215.286245012;800.70873385;2198.7075
863;1219.672619266;802.31562343;2193.0163
864;1224.189281864;804.18308969;2189.3912
865;1228.271649982;806.09398541;2180.5825
866;1232.180300307;808.00488112;2171.1938
867;1236.392956768;810.00263573;2163.4725
868;1240.38846599;812.00039034;2150.5675
869;1244.601122451;814.08500385;2139.765
870;1248.683490569;816.3867646;2128.8537
871;1252.592140894;818.68852534;2121.7488
872;1256.196785083;821.07714499;2116.5287
873;1259.801429272;823.50919408;2104.6025
874;1263.796938493;825.89781372;2096.2287
875;1267.488441578;828.28643337;2086.4412
876;1270.658791286;830.80534135;2075.0225
877;1274.263435475;833.36767879;2064.2924
878;1277.781220768;835.88658678;2051.75
879;1281.08185882;838.49235366;2040.5487
880;1284.252208529;840.9678322;2028.0787
881;1287.465987685;843.57359908;2015.8262
882;1290.375760705;846.09250707;2007.67
883;1293.459251517;848.69827395;1997.0124
884;1296.759889569;851.39089973;1984.5787
885;1299.669662589;853.99666662;1975.7337
886;1302.362288369;856.6024335;1964.7862
887;1305.489208629;859.16477094;1950.5038
888;1308.051546064;861.77053782;1939.5925
889;1310.483595156;864.28944581;1927.7751
890;1313.349938728;866.76492435;1912.1875
891;1316.172852851;869.19697344;1900.5513
892;1318.561472495;871.58559308;1888.77
893;1320.646086001;873.97421272;1874.7412
894;1323.164993989;876.27597347;1864.1926
895;1325.857619768;878.49087532;1856.6525
896;1327.942233275;880.48862993;1842.225
897;1330.07027623;882.48638454;1829.3925
898;1331.981171945;884.35385081;1817.285
899;1333.761779315;886.09102873;1804.4163
900;1336.150398958;887.78477721;1788.1037
901;1338.148153569;889.47852568;1776.105
902;1339.972190387;890.78140912;1764.3237
903;1341.665938862;892.08429256;1752.5425
904;1343.142540095;893.387176;1741.5587
905;1344.879718018;894.16890607;1727.965
906;1346.356319252;894.99406558;1715.6762
907;1347.442055453;895.68893675;1698.0225
908;1349.266092272;895.99294289;1690.5912
909;1350.351828473;896.25351958;1671.9224
910;1351.046699642;896.55752571;1661.6275
911;1352.43644198;896.16666068;1646.7288
912;1353.869613766;895.47178951;1637.0137
913;1354.955349967;894.86377724;1618.0913
914;1355.867368377;893.95175883;1602.9388
915;1356.649098442;892.86602263;1592.0275
916;1357.474257955;891.78028643;1582.6388
917;1357.865122987;890.17339685;1565.8549
918;1358.342846916;888.26250113;1552.2612
919;1358.169129124;886.39503487;1539.465
920;1358.646853052;884.18013302;1526.3425
921;1359.472012565;881.48750724;1506.3325
922;1359.862877598;878.79488146;1496.1825
923;1359.862877598;875.79824954;1475.52
924;1359.862877598;872.36732314;1461.3825
925;1359.862877598;868.8929673;1453.5163
926;1360.03659539;865.28832311;1432.9263
927;1359.949736494;861.07566665;1426.8724
928;1359.558871461;856.86301019;1409.8713
929;1359.645730358;852.56349483;1393.9575
930;1359.168006429;847.78625554;1375.9051
931;1358.950859189;842.96558681;1361.26
932;1358.646853052;837.97120028;1352.4512
933;1358.038840779;832.19508369;1339.655
934;1357.343969611;826.28867876;1325.5175
935;1356.562239545;820.51256216;1312.7212
936;1355.346215;814.08500385;1296.2275
937;1354.564484935;807.78773388;1285.6062
938;1354.173619902;801.40360502;1268.7138
939;1352.957595357;794.28117554;1250.19
940;1351.654711915;787.2021755;1229.6362
941;1350.742693506;779.99288712;1216.0062
942;1349.874104545;772.52302206;1202.7025
943;1348.354073862;764.92286865;1183.0913
944;1346.443178148;757.32271524;1162.1387
945;1344.966576914;749.11454956;1151.1187
946;1344.141417401;740.81952498;1134.4074
947;1342.447668927;732.5245004;1113.3099
948;1340.667061556;723.92546968;1098.3387
949;1339.060171978;715.23958007;1077.1326
950;1337.062417367;706.64054935;1071.405
951;1335.064662757;698.04151864;1054.2225
952;1332.849760906;689.44248792;1046.1387
953;1330.982294639;680.84345721;1031.095
954;1328.94111058;671.33240808;1025.4038
955;1325.944478664;661.43049393;1013.84
956;1323.642717917;651.52857977;1013.6588
957;1321.384386618;641.84381285;998.325
958;1319.5603498;632.24590483;997.6
959;1316.86772402;622.73485571;991.0387
960;1314.044809896;613.13694769;988.2113
961;1311.96019639;603.53903966;966.2801
962;1309.571576747;593.94113164;964.7213
963;1306.661803727;584.16950583;955.985
964;1303.882319051;574.35445057;944.7112
965;1301.45026996;564.53939531;939.9987
966;1299.148509213;554.85462839;934.1626
967;1296.282165641;545.16986147;923.4325
968;1292.460374212;535.57195345;915.53
969;1289.680889536;525.93061598;907.5188
970;1286.46711038;516.46299631;900.7037
971;1283.470478464;506.95194718;898.0575
972;1280.386987651;497.44089806;895.8462
973;1276.956061255;487.84299004;886.675
974;1273.177699274;478.37537036;869.6374
975;1268.878183916;468.95118013;870.3988
976;1265.273539727;459.57041935;862.8587
977;1262.059760571;450.27651747;851.4037
978;1258.672263622;441.15633338;854.6663
979;1254.589895505;432.18815235;857.3487
980;1250.985251316;423.19391366;855.935
981;1246.685735958;414.49499521;849.2288
982;1242.690226737;405.99585223;844.6975
983;1238.998723652;397.40116446;837.8825
984;1234.78606719;389.10179693;834.8012
985;1230.182545696;380.90231714;831.9013
986;1225.709312546;372.80706802;820.555
987;1221.583514981;364.70747596;820.0837
988;1216.979993486;356.6078839;807.7587
989;1212.984484265;348.61252251;807.6137
990;1208.380962771;340.81259364;792.6788
991;1203.994588517;333.3166709;788.1475
992;1198.913343094;325.81640522;787.5676
993;1193.614950431;318.62014568;779.8099
994;1189.011428937;311.61931865;768.6449
995;1184.494766339;304.62283457;767.195
996;1178.588361403;297.72623822;763.9325
997;1172.985962604;290.82529892;760.2712
998;1169.120741726;284.0285903;749.1425
999;1163.388054583;277.53154487;741.9287
1000;1157.307931855;271.32981969;741.9287
